1 0 tt1637574 1
1 0 tt0485842 1
1 0 tt0899126 1
1 0 tt0912343 1
1 0 tt2174367 1
1 0 tt0496424 1
1 0 tt1020116 1
1 0 tt0475047 1
1 0 tt0922037 1
1 0 tt1433870 1
1 0 tt0437729 1
1 0 tt1831164 1
1 0 tt0242210 1
1 0 tt0421384 1
1 0 tt0765425 1
1 0 tt0458254 1
1 0 tt1353056 1
1 0 tt1877368 1
1 0 tt2301351 1
1 0 tt1663641 1
2 0 tt0417332 1
2 0 tt1480684 1
2 0 tt3398228 1
2 0 tt2731624 1
2 0 tt1641247 1
2 0 tt0366010 1
2 0 tt0285341 1
2 0 tt0434672 1
2 0 tt0205700 1
2 0 tt1086191 1
2 0 tt1819022 1
2 0 tt0434695 1
2 0 tt5154982 1
2 0 tt2575988 1
2 0 tt0426654 1
2 0 tt0479842 1
2 0 tt0395404 1
