1 0 tt6700846 1
1 0 tt0212720 1
1 0 tt0070909 1
1 0 tt6499752 1
1 0 tt13087796 1
1 0 tt14614892 1
1 0 tt23770418 1
1 0 tt0433035 1
1 0 tt0418279 1
1 0 tt0343818 1
1 0 tt1663662 1
1 0 tt26915336 1
1 0 tt0124770 1
2 0 tt6700846 1
2 0 tt0212720 1
2 0 tt0070909 1
2 0 tt6499752 1
2 0 tt13087796 1
2 0 tt14614892 1
2 0 tt0433035 1
2 0 tt0418279 1
2 0 tt0343818 1
2 0 tt1663662 1
2 0 tt26915336 1
2 0 tt0124770 1
2 0 tt23770418 1
3 0 tt0903747 1
3 0 tt0111161 1
3 0 tt0417299 1
3 0 tt0306414 1
3 0 tt0944947 1
3 0 tt0068646 1
3 0 tt0141842 1
3 0 tt0468569 1
3 0 tt2560140 1
3 0 tt14392248 1
3 0 tt0167260 1
3 0 tt1355642 1
3 0 tt0108052 1
3 0 tt0071562 1
3 0 tt1475582 1
3 0 tt0050083 1
3 0 tt0386676 1
3 0 tt3032476 1
3 0 tt2861424 1
3 0 tt11126994 1
