1 0 tt0071562 1
1 0 tt1302006 1
1 0 tt0113277 1
1 0 tt7286456 1
1 0 tt0106489 1
1 0 tt0068646 1
1 0 tt0087843 1
1 0 tt0075314 1
1 0 tt0112641 1
1 0 tt0099685 1
1 0 tt0094226 1
1 0 tt0085794 1
1 0 tt0077416 1
1 0 tt1045658 1
1 0 tt0072890 1
1 0 tt0119008 1
1 0 tt0088846 1
1 0 tt0086250 1
1 0 tt0099077 1
1 0 tt0081398 1
2 0 tt0071562 1
2 0 tt1302006 1
2 0 tt0113277 1
2 0 tt7286456 1
2 0 tt0106489 1
2 0 tt0068646 1
2 0 tt0087843 1
2 0 tt0075314 1
2 0 tt0112641 1
2 0 tt0099685 1
2 0 tt0094226 1
2 0 tt0085794 1
2 0 tt0077416 1
2 0 tt1045658 1
2 0 tt0072890 1
2 0 tt0119008 1
2 0 tt0088846 1
2 0 tt0086250 1
2 0 tt0099077 1
2 0 tt0081398 1
3 0 tt0903747 1
3 0 tt0111161 1
3 0 tt0417299 1
3 0 tt0306414 1
3 0 tt0944947 1
3 0 tt0068646 1
3 0 tt0141842 1
3 0 tt0468569 1
3 0 tt2560140 1
3 0 tt14392248 1
3 0 tt0167260 1
3 0 tt1355642 1
3 0 tt0108052 1
3 0 tt0071562 1
3 0 tt1475582 1
3 0 tt0050083 1
3 0 tt0386676 1
3 0 tt3032476 1
3 0 tt2861424 1
3 0 tt11126994 1
