1 0 tt5598102 1
1 0 tt4729430 1
1 0 tt9586294 1
1 0 tt0978762 1
1 0 tt0091830 1
1 0 tt1798709 1
1 0 tt1613062 1
1 0 tt2016670 1
1 0 tt7920978 1
1 0 tt0060827 1
1 0 tt0388795 1
1 0 tt5580664 1
1 0 tt0067116 1
1 0 tt10638036 1
1 0 tt1199099 1
1 0 tt6752992 1
1 0 tt16211650 1
1 0 tt0107818 1
1 0 tt13429870 1
1 0 tt0095765 1
2 0 tt5598102 1
2 0 tt4729430 1
2 0 tt9586294 1
2 0 tt0978762 1
2 0 tt0091830 1
2 0 tt1798709 1
2 0 tt1613062 1
2 0 tt2016670 1
2 0 tt0388795 1
2 0 tt5580664 1
2 0 tt10638036 1
2 0 tt1199099 1
2 0 tt6752992 1
2 0 tt0107818 1
2 0 tt13429870 1
2 0 tt0095765 1
2 0 tt2120152 1
2 0 tt0393775 1
2 0 tt2543328 1
2 0 tt2543312 1
3 0 tt0308280 1
3 0 tt0100049 1
3 0 tt0042593 1
3 0 tt9608818 1
3 0 tt0056195 1
3 0 tt7278862 1
3 0 tt0108778 1
3 0 tt4901306 1
3 0 tt21192142 1
3 0 tt12074628 1
3 0 tt0098635 1
3 0 tt7664504 1
3 0 tt0037558 1
3 0 tt26584495 1
3 0 tt0044079 1
3 0 tt9454892 1
3 0 tt0057935 1
3 0 tt0117905 1
3 0 tt3061830 1
3 0 tt0237123 1
