1 0 tt1637574 2
1 0 tt0485842 2
1 0 tt0899126 2
1 0 tt0912343 2
1 0 tt0496424 2
1 0 tt1020116 2
1 0 tt0475047 2
1 0 tt0922037 2
1 0 tt0437729 2
1 0 tt1831164 2
1 0 tt0421384 2
1 0 tt0458254 2
1 0 tt0421460 2
1 0 tt0450357 2
1 0 tt0791055 2
1 0 tt0429422 2
1 0 tt0443409 2
1 0 tt2608368 2
1 0 tt0408381 2
1 0 tt3921180 2
2 0 tt0485842 2
2 0 tt0912343 2
2 0 tt1020116 2
2 0 tt0922037 2
2 0 tt1831164 2
2 0 tt0421384 2
2 0 tt0450357 2
2 0 tt0791055 2
2 0 tt0408381 2
2 0 tt1305562 2
2 0 tt0358856 2
2 0 tt0499410 2
2 0 tt2919910 2
2 0 tt1451387 2
2 0 tt2244495 2
2 0 tt0318390 2
2 0 tt0380136 2
2 0 tt2292621 2
2 0 tt4145384 2
2 0 tt0465315 2
