1 0 tt0903747 1
1 0 tt0056945 1
1 0 tt0112461 1
1 0 tt0097722 1
1 0 tt2230051 1
1 0 tt0465551 1
1 0 tt0252488 1
1 0 tt2170584 1
1 0 tt1282140 1
1 0 tt1683526 1
1 0 tt1723121 1
1 0 tt0816397 1
1 0 tt12227418 1
1 0 tt8772296 1
1 0 tt10288566 1
1 0 tt0372824 1
1 0 tt0463998 1
1 0 tt0479468 1
1 0 tt20782190 1
1 0 tt0275719 1
2 0 tt0903747 1
2 0 tt0056945 1
2 0 tt0112461 1
2 0 tt0097722 1
2 0 tt0465551 1
2 0 tt0252488 1
2 0 tt1282140 1
2 0 tt1683526 1
2 0 tt1723121 1
2 0 tt8772296 1
2 0 tt10288566 1
2 0 tt0372824 1
2 0 tt0463998 1
2 0 tt20782190 1
2 0 tt0275719 1
2 0 tt14331144 1
2 0 tt0187231 1
2 0 tt3138782 1
2 0 tt1064899 1
2 0 tt1830379 1
3 0 tt4126304 1
3 0 tt20782190 1
3 0 tt26612950 1
3 0 tt8714904 1
3 0 tt0181865 1
3 0 tt0209631 1
3 0 tt0104073 1
3 0 tt0097240 1
3 0 tt1276962 1
3 0 tt0078446 1
3 0 tt1343727 1
3 0 tt14218830 1
3 0 tt0112641 1
3 0 tt14570440 1
3 0 tt35304338 1
3 0 tt1082886 1
3 0 tt0139239 1
3 0 tt10579952 1
3 0 tt9184994 1
3 0 tt2707408 1
