1 0 tt10272386 1
1 0 tt28252563 1
1 0 tt0058625 1
1 0 tt0460791 1
1 0 tt0220832 1
1 0 tt0040338 1
1 0 tt0452039 1
1 0 tt0013086 1
1 0 tt27540185 1
1 0 tt0034162 1
1 0 tt0268978 1
1 0 tt13243898 1
1 0 tt10706602 1
1 0 tt0056172 1
1 0 tt0125659 1
1 0 tt0119174 1
1 0 tt0120382 1
1 0 tt0391024 1
1 0 tt0088680 1
1 0 tt0039661 1
2 0 tt10272386 1
2 0 tt28252563 1
2 0 tt0460791 1
2 0 tt0058625 1
2 0 tt0040338 1
2 0 tt0034162 1
2 0 tt0013086 1
2 0 tt13243898 1
2 0 tt10706602 1
2 0 tt0056172 1
2 0 tt0125659 1
2 0 tt0120382 1
2 0 tt0391024 1
2 0 tt0088680 1
2 0 tt27540185 1
2 0 tt0039661 1
2 0 tt8108268 1
2 0 tt1478839 1
2 0 tt0075793 1
2 0 tt0059246 1
3 0 tt0903747 1
3 0 tt0111161 1
3 0 tt0417299 1
3 0 tt0306414 1
3 0 tt0944947 1
3 0 tt0068646 1
3 0 tt0141842 1
3 0 tt0468569 1
3 0 tt2560140 1
3 0 tt14392248 1
3 0 tt0167260 1
3 0 tt1355642 1
3 0 tt0108052 1
3 0 tt0071562 1
3 0 tt1475582 1
3 0 tt0050083 1
3 0 tt0386676 1
3 0 tt3032476 1
3 0 tt2861424 1
3 0 tt11126994 1
