1 0 tt0071562 2
1 0 tt1302006 2
1 0 tt0113277 2
1 0 tt7286456 2
1 0 tt0106489 2
1 0 tt0068646 2
1 0 tt0087843 2
1 0 tt0075314 2
1 0 tt0112641 2
1 0 tt0099685 2
1 0 tt0094226 2
1 0 tt0085794 2
1 0 tt0077416 2
1 0 tt1045658 2
1 0 tt0072890 2
1 0 tt0119008 2
1 0 tt0088846 2
1 0 tt0086250 2
1 0 tt0099077 2
1 0 tt0081398 2
2 0 tt0071562 2
2 0 tt1302006 2
2 0 tt0113277 2
2 0 tt7286456 2
2 0 tt0106489 2
2 0 tt0068646 2
2 0 tt0087843 2
2 0 tt0075314 2
2 0 tt0112641 2
2 0 tt0099685 2
2 0 tt0094226 2
2 0 tt0085794 2
2 0 tt0077416 2
2 0 tt1045658 2
2 0 tt0072890 2
2 0 tt0119008 2
2 0 tt0088846 2
2 0 tt0086250 2
2 0 tt0099077 2
2 0 tt0081398 2
