1 0 tt0912343 1
1 0 tt1831164 1
1 0 tt0485842 1
1 0 tt5154982 1
1 0 tt0479842 1
1 0 tt0922037 1
1 0 tt0205700 1
1 0 tt1582350 1
1 0 tt1553644 1
1 0 tt0285341 1
1 0 tt0434672 1
1 0 tt3921180 1
1 0 tt0450357 1
1 0 tt0434695 1
1 0 tt0408381 1
1 0 tt0475047 1
1 0 tt0443409 1
1 0 tt1020116 1
1 0 tt0241088 1
1 0 tt1819022 1
2 0 tt1663641 1
2 0 tt0912343 1
2 0 tt1831164 1
2 0 tt1553644 1
2 0 tt0485842 1
2 0 tt5154982 1
2 0 tt0479842 1
2 0 tt2174367 1
2 0 tt1353056 1
2 0 tt1877368 1
2 0 tt2301351 1
2 0 tt4680444 1
2 0 tt0437005 1
2 0 tt0765425 1
2 0 tt1433870 1
2 0 tt1694423 1
2 0 tt0434672 1
2 0 tt0384746 1
2 0 tt2185037 1
2 0 tt1637574 1
