1 0 tt6700846 1
1 0 tt0212720 1
1 0 tt13087796 1
1 0 tt0070909 1
1 0 tt6499752 1
1 0 tt2545118 1
1 0 tt0054387 1
1 0 tt11214558 1
1 0 tt14614892 1
1 0 tt0844471 1
1 0 tt1683526 1
1 0 tt0064177 1
1 0 tt0433035 1
1 0 tt9537292 1
1 0 tt0418279 1
1 0 tt0080025 1
1 0 tt0343818 1
1 0 tt0070233 1
1 0 tt9608818 1
1 0 tt0480669 1
2 0 tt6700846 1
2 0 tt13087796 1
2 0 tt0070909 1
2 0 tt6499752 1
2 0 tt2545118 1
2 0 tt14614892 1
2 0 tt0844471 1
2 0 tt1683526 1
2 0 tt0064177 1
2 0 tt0433035 1
2 0 tt9537292 1
2 0 tt0418279 1
2 0 tt0080025 1
2 0 tt0343818 1
2 0 tt0070233 1
2 0 tt9608818 1
2 0 tt0480669 1
2 0 tt0472033 1
2 0 tt0044741 1
2 0 tt0851578 1
