1 0 tt0903747 1
1 0 tt0056945 1
1 0 tt0112461 1
1 0 tt0097722 1
1 0 tt2230051 1
1 0 tt0465551 1
1 0 tt0252488 1
1 0 tt2170584 1
1 0 tt1282140 1
1 0 tt1683526 1
1 0 tt1723121 1
1 0 tt0816397 1
1 0 tt12227418 1
1 0 tt8772296 1
1 0 tt10288566 1
1 0 tt0372824 1
1 0 tt0463998 1
1 0 tt0479468 1
1 0 tt20782190 1
1 0 tt0275719 1
2 0 tt0903747 1
2 0 tt0056945 1
2 0 tt0112461 1
2 0 tt0097722 1
2 0 tt0465551 1
2 0 tt0252488 1
2 0 tt1282140 1
2 0 tt1683526 1
2 0 tt1723121 1
2 0 tt8772296 1
2 0 tt10288566 1
2 0 tt0372824 1
2 0 tt0463998 1
2 0 tt20782190 1
2 0 tt0275719 1
2 0 tt14331144 1
2 0 tt0187231 1
2 0 tt3138782 1
2 0 tt1064899 1
2 0 tt1830379 1
3 0 tt0903747 1
3 0 tt0111161 1
3 0 tt0417299 1
3 0 tt0306414 1
3 0 tt0944947 1
3 0 tt0068646 1
3 0 tt0141842 1
3 0 tt0468569 1
3 0 tt2560140 1
3 0 tt14392248 1
3 0 tt0167260 1
3 0 tt1355642 1
3 0 tt0108052 1
3 0 tt0071562 1
3 0 tt1475582 1
3 0 tt0050083 1
3 0 tt0386676 1
3 0 tt3032476 1
3 0 tt2861424 1
3 0 tt11126994 1
