1 0 tt9586294 1
1 0 tt0978762 1
1 0 tt0388795 1
1 0 tt5598102 1
1 0 tt13430782 1
1 0 tt4729430 1
1 0 tt1199099 1
1 0 tt13429870 1
1 0 tt6752992 1
1 0 tt10638036 1
1 0 tt0113627 1
1 0 tt0107818 1
1 0 tt0393775 1
1 0 tt0048356 1
1 0 tt7405458 1
1 0 tt14849194 1
1 0 tt0116581 1
1 0 tt7187044 1
1 0 tt8543390 1
1 0 tt16211650 1
2 0 tt9586294 1
2 0 tt0978762 1
2 0 tt0388795 1
2 0 tt5598102 1
2 0 tt13430782 1
2 0 tt4729430 1
2 0 tt1199099 1
2 0 tt13429870 1
2 0 tt6752992 1
2 0 tt10638036 1
2 0 tt0113627 1
2 0 tt0107818 1
2 0 tt0393775 1
2 0 tt0048356 1
2 0 tt7405458 1
2 0 tt14849194 1
2 0 tt0116581 1
2 0 tt7187044 1
2 0 tt8543390 1
2 0 tt0059358 1
3 0 tt0903747 1
3 0 tt0111161 1
3 0 tt0417299 1
3 0 tt0306414 1
3 0 tt0944947 1
3 0 tt0068646 1
3 0 tt0141842 1
3 0 tt0468569 1
3 0 tt2560140 1
3 0 tt14392248 1
3 0 tt0167260 1
3 0 tt1355642 1
3 0 tt0108052 1
3 0 tt0071562 1
3 0 tt1475582 1
3 0 tt0050083 1
3 0 tt0386676 1
3 0 tt3032476 1
3 0 tt2861424 1
3 0 tt11126994 1
