1 0 tt0220832 1
1 0 tt2375605 1
1 0 tt10272386 1
1 0 tt0452039 1
1 0 tt0460791 1
1 0 tt0268978 1
1 0 tt7476236 1
1 0 tt0071604 1
1 0 tt0040338 1
1 0 tt0246578 1
1 0 tt28252563 1
1 0 tt0058625 1
1 0 tt0338013 1
1 0 tt7689966 1
1 0 tt0065088 1
1 0 tt0065488 1
1 0 tt0034162 1
1 0 tt0056172 1
1 0 tt13243898 1
1 0 tt0391024 1
2 0 tt2375605 1
2 0 tt10272386 1
2 0 tt0460791 1
2 0 tt0040338 1
2 0 tt0246578 1
2 0 tt0220832 1
2 0 tt28252563 1
2 0 tt0058625 1
2 0 tt0065088 1
2 0 tt0065488 1
2 0 tt0034162 1
2 0 tt0452039 1
2 0 tt0056172 1
2 0 tt13243898 1
2 0 tt0391024 1
2 0 tt0120382 1
2 0 tt0125659 1
2 0 tt8108268 1
2 0 tt1063669 1
2 0 tt0075793 1
3 0 tt10810430 1
3 0 tt0080360 1
3 0 tt2078690 1
3 0 tt30217222 1
3 0 tt1196946 1
3 0 tt1714204 1
3 0 tt0452039 1
3 0 tt6439562 1
3 0 tt0491738 1
3 0 tt0052700 1
3 0 tt6873658 1
3 0 tt1235099 1
3 0 tt0028212 1
3 0 tt6156350 1
3 0 tt2431438 1
3 0 tt0270288 1
3 0 tt1595680 1
3 0 tt2211129 1
3 0 tt0484243 1
3 0 tt3235888 1
