1 0 tt0071562 1
1 0 tt1302006 1
1 0 tt0113277 1
1 0 tt7286456 1
1 0 tt0106489 1
1 0 tt0068646 1
1 0 tt0087843 1
1 0 tt0075314 1
1 0 tt0112641 1
1 0 tt0099685 1
1 0 tt0094226 1
1 0 tt0085794 1
1 0 tt0077416 0
1 0 tt1045658 0
1 0 tt0072890 1
1 0 tt0119008 1
1 0 tt0088846 0
1 0 tt0086250 1
1 0 tt0099077 0
1 0 tt0081398 0
2 0 tt0071562 1
2 0 tt1302006 1
2 0 tt0113277 1
2 0 tt7286456 1
2 0 tt0106489 1
2 0 tt0068646 1
2 0 tt0087843 1
2 0 tt0075314 1
2 0 tt0112641 1
2 0 tt0099685 1
2 0 tt0094226 1
2 0 tt0085794 1
2 0 tt0077416 0
2 0 tt1045658 0
2 0 tt0072890 1
2 0 tt0119008 1
2 0 tt0088846 0
2 0 tt0086250 1
2 0 tt0099077 0
2 0 tt0081398 0
