1 0 tt0353975 1
1 0 tt0214915 1
1 0 tt0118799 1
1 0 tt0271383 1
1 0 tt0187231 1
1 0 tt2325915 1
1 0 tt0255306 1
1 0 tt0353496 1
1 0 tt0278501 1
1 0 tt0140377 1
1 0 tt0290937 1
1 0 tt0252196 1
1 0 tt0114709 1
1 0 tt0104860 1
1 0 tt0102223 1
1 0 tt0120382 1
1 0 tt0208092 1
1 0 tt0242519 1
1 0 tt0213969 1
1 0 tt0245929 1
2 0 tt0188766 1
2 0 tt0109440 1
2 0 tt0138097 1
2 0 tt0187231 1
2 0 tt0237539 1
2 0 tt0208196 1
2 0 tt0113819 1
2 0 tt0109445 1
2 0 tt0151804 1
2 0 tt0106677 1
2 0 tt0119038 1
2 0 tt0218839 1
2 0 tt0109686 1
2 0 tt0140377 1
2 0 tt0118111 1
2 0 tt0118954 1
2 0 tt0255306 1
2 0 tt0115685 1
2 0 tt0135007 1
2 0 tt0166396 1
