1 0 tt0212720 1
1 0 tt6700846 1
1 0 tt13087796 1
1 0 tt26915336 1
1 0 tt0070909 1
1 0 tt6499752 1
1 0 tt23770418 1
1 0 tt13429870 1
1 0 tt0343818 1
1 0 tt3233418 1
1 0 tt0182789 1
1 0 tt0433035 1
1 0 tt14614892 1
1 0 tt0043456 1
1 0 tt15128068 1
1 0 tt7979580 1
1 0 tt29623480 1
1 0 tt3420504 1
1 0 tt0293416 1
1 0 tt2245084 1
2 0 tt0212720 1
2 0 tt6700846 1
2 0 tt13087796 1
2 0 tt26915336 1
2 0 tt0070909 1
2 0 tt6499752 1
2 0 tt13429870 1
2 0 tt0343818 1
2 0 tt3233418 1
2 0 tt0182789 1
2 0 tt0433035 1
2 0 tt14614892 1
2 0 tt0043456 1
2 0 tt15128068 1
2 0 tt7979580 1
2 0 tt23770418 1
2 0 tt29623480 1
2 0 tt3420504 1
2 0 tt0293416 1
2 0 tt2245084 1
3 0 tt0212720 1
3 0 tt0088595 1
3 0 tt6700846 1
3 0 tt0343818 1
3 0 tt7521778 1
3 0 tt4158110 1
3 0 tt8285216 1
3 0 tt2654580 1
3 0 tt7979580 1
3 0 tt26915336 1
3 0 tt2078690 1
3 0 tt13429870 1
3 0 tt0361201 1
3 0 tt0418279 1
3 0 tt1932767 1
3 0 tt30444310 1
3 0 tt0058805 1
3 0 tt0760437 1
3 0 tt0910970 1
3 0 tt13087796 1
