1 0 tt5598102 1
1 0 tt4729430 1
1 0 tt9586294 1
1 0 tt0978762 1
1 0 tt0091830 1
1 0 tt1798709 1
1 0 tt1613062 1
1 0 tt2016670 1
1 0 tt7920978 1
1 0 tt0060827 1
1 0 tt0388795 1
1 0 tt5580664 1
1 0 tt0067116 1
1 0 tt10638036 1
1 0 tt1199099 1
1 0 tt6752992 1
1 0 tt16211650 1
1 0 tt0107818 1
1 0 tt13429870 1
1 0 tt0095765 1
2 0 tt5598102 1
2 0 tt4729430 1
2 0 tt9586294 1
2 0 tt0978762 1
2 0 tt0091830 1
2 0 tt1798709 1
2 0 tt1613062 1
2 0 tt2016670 1
2 0 tt0388795 1
2 0 tt5580664 1
2 0 tt10638036 1
2 0 tt1199099 1
2 0 tt6752992 1
2 0 tt0107818 1
2 0 tt13429870 1
2 0 tt0095765 1
2 0 tt2120152 1
2 0 tt0393775 1
2 0 tt2543328 1
2 0 tt2543312 1
3 0 tt0903747 1
3 0 tt0111161 1
3 0 tt0417299 1
3 0 tt0306414 1
3 0 tt0944947 1
3 0 tt0068646 1
3 0 tt0141842 1
3 0 tt0468569 1
3 0 tt2560140 1
3 0 tt14392248 1
3 0 tt0167260 1
3 0 tt1355642 1
3 0 tt0108052 1
3 0 tt0071562 1
3 0 tt1475582 1
3 0 tt0050083 1
3 0 tt0386676 1
3 0 tt3032476 1
3 0 tt2861424 1
3 0 tt11126994 1
